1449
0
0
520902.23958985426
0
0
733.3599591583223
2731.839988931274
1631.919935757447
1509.8400575958265
1699
1173.280024005128
925
0
0
0
0
0
0
0
367.200014007569
1486.2399757476785
220.47997552795312
0
1723
0
736
2176.5600830291783
420.03988126525314
900.2799429809545
0
0
0
11424
11219.519992199706
1954
144.0000054931644
3445
171.36000653686548
0
0
0
0
258.03997135314853
0
0
224.64000856933626
1406.6799366638147
1709.7999866790765
6847
0
0
18438
18561
187
0
0
0
0
0
0
0
0
2612.8800996734635
0
0
0
418
0
0
0
0
0
0
0
0
473.5599292205788
431.43994924316286
1329.1200507019066
1306.0800498230003
198
1369.479961795043
1424.5599614929185
300973.5815850034
223904.18248808835
217086.72150446798
10119
0
0
0
0
0
0
62617.43986890561
58217.75995902099
68627
6613
0
8764.560334341448
0
3946
3946
7453
0
0
0
0
3270.0399301544176
7850.640410183716
0
36750
0
231
271
0
1080.03999881897
502
0
1446.4800551788355
11586.11996624451
3453
987.9999608612043
5100
6907
4621.559960119635
2202
271
5103.239877557368
3482.6401328521765
5584
7894
0
